Conjunto
[1, 2, 3, 4, 5, 6, 7, 8, 9, 10]

Subconjuntos
[0, 1, 8] 0
[0, 2, 4, 5, 8] 1
[6, 7] 2
[0, 5, 10] 3
[2, 5, 6, 7] 4
[0, 1, 2, 6, 9, 10] 5
[1, 5, 6, 9, 10] 6
[0, 3, 4, 6, 10] 7
[1, 5, 6, 8] 8
[0, 1, 3, 4, 5, 8, 10] 9
[1, 2, 5, 6, 10] 10
[7, 10] 11
[10] 12
[2, 4, 5, 7, 9, 10] 13
[0, 1, 5, 9] 14
[1, 4, 9] 15
[1, 2, 3, 4, 8, 10] 16
[0, 2, 7, 10] 17
[2] 18
[5] 19
[4, 9] 20
[1, 3, 4, 6, 8, 10] 21
[0, 1, 2, 6, 8, 9, 10] 22
[3, 4, 5] 23
[5, 8] 24
[9] 25
[9] 26
[0, 5, 9, 10] 27
[0, 2, 4, 7, 9, 10] 28
[0, 1, 6] 29
[0, 2, 5, 10] 30
[3, 6, 7, 8, 9, 10] 31
[0, 3, 6, 8] 32
[3, 5, 9, 10] 33
[3] 34
[2, 5, 6, 7] 35
[0, 1, 2, 7, 10] 36
[0, 4, 5, 6, 7, 8] 37
[0, 1, 4, 5, 7] 38
[2, 3, 5, 7, 9, 10] 39
[2, 3, 5, 9, 10] 40
[0, 2, 3, 5, 7] 41
[0, 4, 5, 6, 7] 42
[2, 3] 43
[1, 5, 7, 8, 10] 44
[0, 4, 5, 6, 7, 9, 10] 45
[2, 3, 4, 6] 46
[7, 8, 10] 47
[2, 3, 4, 6, 7, 8, 9, 10] 48
[2, 5, 6, 9] 49
[0, 2, 3, 5, 8] 50
[0, 2] 51
[4, 9, 10] 52
[1, 3, 4, 10] 53
[1, 2, 5, 8, 9] 54
[2, 4, 5, 6, 7, 8, 10] 55
[0, 1, 2, 3, 6, 7, 8, 9] 56
[4, 5, 6, 7, 10] 57
[0, 2, 3] 58
[3, 4, 8, 9] 59
[2, 3, 4, 5, 10] 60
[6, 7, 8] 61
[3, 9] 62
[4, 7] 63
[0, 1, 2, 4, 6, 8, 9] 64
[6, 8] 65
[4, 10] 66
[0, 3, 4, 5, 7, 8] 67
[0, 3, 6, 8, 9] 68
[4, 5, 7, 8, 10] 69
[0, 2, 3, 5, 7, 9] 70
[0, 5, 6, 7, 9] 71
[0, 2, 3, 5, 6, 7, 9, 10] 72
[0, 2, 3, 4, 5, 7, 9, 10] 73
[0, 7, 9] 74
[4, 8, 9] 75
[2, 9] 76
[6, 7, 8] 77
[0, 1, 2, 8, 10] 78
[3, 9] 79
[1, 2, 3, 5, 6, 8] 80
[0, 2, 5, 7, 9, 10] 81
[4] 82
[1, 3, 5] 83
[2, 3, 4, 7, 8, 9, 10] 84
[5] 85
[0, 1, 2, 5, 8] 86
[1, 3, 4, 5, 8] 87
[6, 7] 88
[0, 1, 4, 6, 7, 8, 9] 89
[5, 6, 7] 90
[2] 91
[0, 1, 6, 7] 92
[2, 6] 93
[4, 8] 94
[3, 4, 5, 10] 95
[2, 3, 4, 8, 9, 10] 96
[10] 97
[0, 6] 98
[5, 6, 7, 8, 10] 99
[0, 2, 3, 4, 5, 7] 100
[0, 3, 4, 5, 6, 7, 8] 101
[1, 9] 102
[2, 4, 7] 103
[0, 4, 6, 7, 8, 9] 104
[0, 1, 8] 105
[0, 3] 106
[0, 1, 3, 6, 7, 8, 9, 10] 107
[0, 1, 2, 3, 6, 7, 8, 9] 108
[2] 109
[6] 110
[1, 2, 3, 4, 5, 9] 111
[3, 4, 5, 7, 10] 112
[3, 8, 9] 113
[0, 2, 3, 4, 5, 6, 9] 114
[0, 4, 5, 6, 7, 8] 115
[1, 2, 3, 4, 8] 116
[3, 4, 5, 7] 117
[1, 2, 4, 6, 8, 9] 118
[1, 4, 5, 6, 9, 10] 119
[0, 4, 5, 6, 7, 9] 120
[7] 121
[2, 7, 9, 10] 122
[3, 5] 123
[2, 7, 10] 124
[9] 125
[0, 4, 5, 7, 8] 126
[3, 5, 7, 8, 9] 127
[4, 8, 9] 128
[1, 4, 10] 129
[1, 2, 10] 130
[7, 8, 10] 131
[1, 4, 9] 132
[0, 2, 4, 7, 8] 133
[0, 1, 2, 5, 6, 7, 9, 10] 134
[0, 3, 4, 7, 9, 10] 135
[4, 6, 8, 10] 136
[1, 4, 5, 6, 7, 9] 137
[5, 6, 9, 10] 138
[5, 7, 8] 139
[3, 8, 9] 140
[1, 2, 5, 8] 141
[1, 3, 4, 6, 7, 9] 142
[1, 2, 6, 7] 143
[0, 5, 6] 144
[5, 6, 9, 10] 145
[8, 9] 146
[1, 2, 3, 4, 6, 10] 147
[0, 1, 6, 7] 148
[0, 1, 3, 4] 149
[0, 3, 4, 6, 8, 9] 150
[0, 1, 2, 6, 9] 151
[0, 1, 2, 5, 6, 7, 9] 152
[8] 153
[4, 5, 7] 154
[2, 9] 155
[3, 4, 9] 156
[0, 1, 2, 3, 5, 7, 9, 10] 157
[0, 1, 4, 7, 9] 158
[0, 1] 159
[0, 3, 7, 10] 160
[0, 2, 5] 161
[1, 9, 10] 162
[0, 6, 7, 9] 163
[0, 4, 6, 10] 164
[0, 1, 4, 5, 6, 7] 165
[1, 4, 5, 6, 7, 9] 166
[10] 167
[0, 2, 3, 4, 9, 10] 168
[2, 3, 6, 9] 169
[2] 170
[1, 5, 7, 8, 9] 171
[0, 3, 4, 5, 7, 8, 10] 172
[0, 1, 2, 4, 5, 8] 173
[0, 3, 9] 174
[1, 5, 7, 8, 9, 10] 175
[0, 2, 4, 8] 176
[0, 3, 7] 177
[1, 3, 5, 6] 178
[1, 5, 7, 8, 10] 179
[8, 9] 180
[1, 5, 8, 10] 181
[1, 2, 7] 182
[8, 9] 183
[1, 2, 6, 8, 9] 184
[0, 2, 3, 8] 185
[0, 5] 186
[1, 4, 5, 9] 187
[0, 6, 9] 188
[2, 3, 6, 9, 10] 189
[0, 3, 6] 190
[0, 3, 4, 7, 8] 191
[2, 6, 7, 10] 192
[2, 5, 6, 7, 8, 10] 193
[2, 4, 5, 8] 194
[4, 7, 10] 195
[2, 3, 4, 6, 7, 8, 9, 10] 196
[1, 5, 8, 9] 197
[0, 1, 4, 6, 7, 9, 10] 198
[1, 3, 4, 6, 8] 199
[1, 2, 3, 7] 200
[3, 5] 201
[0, 6, 7, 8, 9, 10] 202
[2, 9] 203
[5, 7, 9] 204
[0, 2, 3, 4, 7, 9] 205
[0, 1, 2, 3, 5, 7, 8, 9] 206
[2, 6, 7, 8, 9, 10] 207
[3, 5, 7, 8, 9] 208
[1, 3, 4, 8, 10] 209
[3, 5] 210
[0, 1] 211
[2, 4, 5, 6, 7, 9, 10] 212
[0, 1, 3, 4, 5, 7, 9, 10] 213
[0, 1, 2, 6, 7, 9] 214
[0, 1, 3, 4, 5, 6, 7] 215
[2, 3, 8, 10] 216
[2, 3, 4, 7, 9, 10] 217
[1, 4, 7, 9] 218
[0, 4, 5, 8, 9] 219
[7] 220
[0, 3, 6, 7, 8] 221
[0, 2, 3, 4, 5, 7] 222
[2, 3, 10] 223
[2] 224
[2, 3, 5, 7, 8, 10] 225
[0, 1, 3, 8, 9] 226
[4] 227
[0, 2, 4, 5, 7, 9] 228
[0, 1, 2, 7, 8, 9] 229
[9] 230
[3, 4, 5, 6, 7] 231
[0, 2, 3, 4, 6, 7, 9, 10] 232
[0, 1, 4, 5, 6, 8, 10] 233
[0, 2, 3, 4, 5, 6, 8, 9] 234
[0, 1, 6, 8, 9, 10] 235
[1, 4, 7, 10] 236
[2, 4, 7, 8, 9, 10] 237
[0, 3, 9] 238
[3, 5, 6] 239
[0, 4, 5, 6, 8, 10] 240
[1, 2, 5, 7, 8, 10] 241
[1, 2, 3, 5, 6, 7, 8, 9, 10] 242
[0, 6, 7, 9] 243
[0, 2, 4, 5, 6, 7, 8] 244
[2, 9] 245
[7, 8] 246
[2, 3] 247
[3, 5] 248
[0, 2, 4, 5, 9] 249
[4] 250
[0, 3, 5, 6, 7, 9, 10] 251
[0, 10] 252
[7] 253
[2, 5, 6, 8, 10] 254
[1, 2, 3, 4, 5, 6, 8, 9] 255
[0, 1, 3, 5, 7, 8] 256
[1, 3, 4, 8, 9, 10] 257
[4, 10] 258
[1, 2, 3, 4, 6, 7, 8, 9] 259
[0, 1, 4, 8, 9, 10] 260
[0, 4, 5, 6, 7, 8, 9] 261
[2, 3, 7, 8] 262
[0, 2, 3, 5, 6, 7, 9] 263
[1, 2, 3, 4, 6, 8] 264
[1] 265
[2, 4, 5, 6, 7, 9] 266
[2] 267
[2, 4, 5, 6, 7, 10] 268
[0, 3, 7, 9, 10] 269
[1, 3, 4, 7, 8] 270
[1, 2, 5, 6, 7, 8] 271
[5, 7] 272
[0, 2, 6, 7, 8, 9, 10] 273
[1, 4, 5] 274
[0, 2, 3, 4, 7, 8, 10] 275
[0, 1, 4, 5, 6, 8] 276
[1, 2, 6, 8, 9] 277
[0, 1, 5] 278
[1] 279
[0, 1, 3] 280
[2, 5, 7, 8, 10] 281
[0, 1, 2, 5, 9] 282
[1, 2, 5, 8, 9] 283
[0, 2, 5, 6, 9, 10] 284
[2, 3, 4, 5, 6, 9, 10] 285
[1, 7, 10] 286
[6] 287
[3, 7, 8, 10] 288
[0, 1, 2, 7, 9] 289
[1, 2, 8, 10] 290
[4] 291
[0, 1, 2, 4, 8] 292
[4, 5, 6] 293
[1, 3, 4, 8, 9] 294
[0, 6, 7, 10] 295
[0, 2, 5, 7, 8] 296
[0, 2, 3, 6, 8, 9, 10] 297
[1, 3, 5] 298
[7] 299
[2] 300
[4, 6, 7, 8] 301
[2, 3, 4, 5, 6, 7, 8, 9, 10] 302
[0, 2, 5, 6, 8, 10] 303
[2, 4, 7] 304
[0, 1, 2, 5, 6, 7, 10] 305
[7] 306
[3, 4, 6, 7] 307
[2, 4, 5, 8] 308
[0, 1, 2, 3, 4, 5, 8, 9] 309
[3, 7, 10] 310
[10] 311
[2] 312
[2, 7, 10] 313
[3, 4, 5, 6, 7, 8, 10] 314
[0, 1, 3, 4, 5, 7, 8, 10] 315
[2, 4] 316
[5] 317
[0, 1, 2, 6] 318
[1, 2, 5, 7, 8] 319
[0] 320
[9] 321
[1, 2, 3, 4, 8] 322
[0, 2, 3, 7, 10] 323
[0, 1, 3, 4, 6, 8, 9, 10] 324
[3, 5, 8, 10] 325
[1, 5, 7] 326
[4, 8] 327
[6, 8] 328
[1, 3, 5, 7, 10] 329
[3, 4, 7, 8] 330
[2, 4, 5, 6, 7, 8] 331
[0, 2, 4, 6, 8, 10] 332
[1] 333
[7] 334
[0, 1, 3, 7, 8, 9] 335
[5, 10] 336
[0, 3, 7] 337
[1] 338
[4, 7] 339
[9] 340
[2, 3, 5, 7, 8, 10] 341
[0, 1, 2, 6, 7, 9, 10] 342
[3, 6] 343
[0, 1, 2, 6, 7, 8] 344
[2, 4, 6, 9, 10] 345
[0, 2, 4] 346
[0, 3] 347
[3, 4] 348
[3, 5, 8] 349
[0, 1, 3, 5, 7, 8, 9] 350
[1] 351
[2, 3, 4, 6, 7, 8, 9] 352
[0, 2, 4, 6, 9, 10] 353
[1, 4, 5, 6] 354
[1, 4, 5, 6, 8, 9] 355
[0, 1, 2, 4, 5, 8, 10] 356
[8] 357
[10] 358
[0, 1, 2, 3, 4, 6, 7, 10] 359
[0, 2] 360
[2, 3, 8, 10] 361
[1, 2, 4, 5, 6, 7, 8] 362
[1, 4] 363
[0, 1, 2, 3, 8, 9] 364
[8] 365
[0, 1, 4, 7, 8, 10] 366
[0, 1, 3, 6] 367
[0, 5, 7] 368
[0, 2, 3, 5, 6, 10] 369
[0, 2, 4] 370
[6, 8, 10] 371
[0, 1, 2, 3, 4, 5, 7, 8] 372
[1, 2, 3, 4, 5, 7, 8, 9] 373
[0, 1, 6, 7] 374
[1, 3, 6, 10] 375
[0, 1, 5, 6, 9] 376
[1, 5, 8, 9, 10] 377
[4, 5, 8, 10] 378
[2, 3, 7, 8] 379
[1, 6, 10] 380
[0, 1, 2, 3, 5, 10] 381
[3, 5] 382
[1] 383
[1, 2, 3, 7, 8, 9] 384
[2, 3, 4, 5] 385
[1, 2, 4] 386
[1, 3, 5, 6, 7] 387
[2, 5, 6, 7, 10] 388
[0, 2, 3, 4, 6, 8, 10] 389
[3, 5, 7, 10] 390
[3, 6, 7, 9] 391
[9] 392
[0, 2, 3, 6, 7, 9] 393
[2, 3, 6, 9] 394
[8] 395
[2, 4, 7] 396
[0, 2, 3, 6, 7, 8, 9] 397
[0, 7] 398
[0, 3, 4, 9] 399
[4, 8, 10] 400
[1, 4, 9] 401
[6, 9] 402
[4, 6, 9, 10] 403
[1, 9] 404
[2, 3, 6, 8, 10] 405
[1, 6, 7, 8, 10] 406
[2, 4, 7, 9, 10] 407
[0, 1, 3, 6, 7, 8] 408
[1, 3, 5, 7, 8, 10] 409
[2, 3, 5, 7, 10] 410
[0, 3, 4, 7, 8, 9, 10] 411
[10] 412
[2, 3, 5, 6, 9, 10] 413
[1, 4, 5, 8] 414
[1, 2, 3, 4, 7, 8, 9, 10] 415
[7] 416
[0, 1, 4, 10] 417
[0, 2, 3, 6, 7, 10] 418
[0, 5, 6, 8, 10] 419
[5, 9] 420
[2, 4, 5, 6, 9] 421
[1] 422
[3, 5, 6, 8, 9, 10] 423
[0, 3, 7] 424
[1, 2, 6, 7, 8, 9] 425
[1, 2, 4, 5, 7, 10] 426
[0, 1, 4, 7, 8, 9, 10] 427
[6] 428
[0, 1, 2, 9] 429
[0, 9] 430
[1, 4, 9, 10] 431
[0, 1, 2, 3, 4, 8] 432
[0, 3, 4, 6, 7, 8] 433
[0] 434
[4, 7, 9] 435
[3, 4, 5, 6, 9] 436
[4, 7, 9] 437
[0, 3, 6] 438
[1, 6, 7] 439
[1, 3, 4, 6, 8] 440
[0, 1, 2, 5, 9, 10] 441
[1, 4, 5, 9] 442
[0, 1, 3, 5, 7, 8, 10] 443
[2, 5, 6, 8, 9] 444
[0, 1, 2, 3, 4, 8, 9, 10] 445
[0, 1, 2, 4, 5, 6, 8] 446
[0, 3, 5, 6, 8, 10] 447
[6, 7] 448
[0, 2, 3, 5, 7, 8, 10] 449
[0, 3, 4, 6, 7, 8, 9, 10] 450
[0, 1, 2, 3, 9, 10] 451
[1, 2, 3, 5, 6, 8, 10] 452
[3, 5, 10] 453
[3, 4, 6, 7] 454
[2, 3, 5, 6, 7, 9, 10] 455
[0, 1, 7, 8, 9, 10] 456
[2, 4, 9] 457
[4, 8, 10] 458
[1, 2, 4, 6, 7, 8, 9] 459
[0, 3, 4, 7, 8, 9] 460
[0, 3, 6, 7, 9, 10] 461
[0, 2, 4, 5, 6] 462
[1, 4] 463
[5, 7, 8, 10] 464
[1, 2, 5, 8, 9, 10] 465
[0, 2, 5, 6, 8, 10] 466
[4, 9, 10] 467
[3, 5, 6] 468
[0, 2, 5, 6] 469
[0, 5, 6, 9, 10] 470
[0, 2, 8, 9, 10] 471
[9] 472
[3, 4, 7] 473
[3, 4, 5, 7] 474
[0, 1, 9, 10] 475
[1, 3, 6, 7, 10] 476
[1, 2, 3, 6, 10] 477
[1, 4, 9, 10] 478
[6] 479
[3, 9] 480
[5, 6, 9, 10] 481
[0, 1, 2, 3, 4, 5, 7, 8, 9] 482
[0, 1, 2, 6, 7, 8] 483
[0, 6, 10] 484
[0, 3, 6, 7, 8, 9] 485
[3, 4, 5, 6, 10] 486
[5] 487
[0, 3, 4, 7, 8] 488
[1, 3, 4, 5, 6, 8] 489
[0, 2, 3, 4, 5, 6, 9] 490
[0, 1, 2, 3, 6, 10] 491
[0, 6, 8] 492
[0, 6, 7, 9] 493
[0, 5, 6, 8, 10] 494
[0, 1, 3, 9, 10] 495
[9] 496
[6] 497
[1, 2, 4, 7, 8] 498
[3, 8, 9] 499
[2, 6, 7, 9, 10] 500
[0, 3, 5, 6, 9, 10] 501
[0, 3, 5, 6, 10] 502
[1, 8, 9, 10] 503
[3, 8] 504
[2, 4, 5, 7, 8, 9, 10] 505
[1, 2, 4, 8, 10] 506
[2, 3, 6, 7, 9] 507
[1, 3, 6, 9] 508
[5, 6, 8] 509
[0, 1, 8, 9] 510
[0, 1, 2, 4, 5, 8, 9, 10] 511
[0, 2, 4, 9] 512
[1] 513
[1, 3, 4, 6, 7, 9, 10] 514
[2, 7, 9, 10] 515
[3, 8, 10] 516
[4, 5] 517
[1, 2, 9] 518
[1, 4, 5, 7, 9] 519
[1, 2, 5, 7, 9] 520
[1, 4, 10] 521
[0, 6, 7, 9, 10] 522
[2, 7, 9] 523
[4] 524
[7] 525
[1, 2, 3, 5, 6, 7, 10] 526
[0, 5, 6, 7, 8, 10] 527
[4, 5, 7, 8, 9] 528
[1, 2, 3, 5, 6] 529
[0, 5, 7, 10] 530
[5] 531
[0, 2, 3, 4, 6, 7, 8, 10] 532
[5, 7, 10] 533
[0, 2, 8] 534
[1, 3, 4, 6, 8] 535
[0, 1, 4, 6, 9] 536
[0, 3, 4] 537
[2, 7, 9] 538
[1, 2, 4, 5, 7, 8, 9] 539
[0, 3, 6, 7, 9, 10] 540
[1, 5, 9] 541
[1, 3, 4, 5, 6, 10] 542
[2, 5, 8, 9, 10] 543
[1, 3, 4] 544
[4, 6, 9, 10] 545
[0, 1, 2, 5, 7] 546
[10] 547
[2, 3, 4, 6, 8, 9] 548
[3, 4] 549
[0, 1, 2, 3, 6, 10] 550
[3, 8] 551
[3, 7] 552
[0, 1, 2, 6, 8] 553
[2, 3, 4, 7] 554
[1, 5] 555
[2, 6, 7, 9] 556
[2, 7] 557
[2, 5, 9, 10] 558
[1, 2, 3, 5, 7, 9] 559
[0, 2, 3, 4, 5, 6, 7] 560
[0, 1, 2, 5, 8, 9, 10] 561
[8] 562
[1, 3] 563
[1, 6, 8] 564
[1] 565
[1, 2, 3, 6, 7, 9] 566
[4] 567
[0, 5, 8] 568
[0, 1, 2, 3, 5] 569
[1, 3, 4, 5, 6, 7, 8, 9] 570
[4, 9] 571
[0, 10] 572
[9] 573
[2, 5, 6, 9] 574
[0] 575
[0, 2, 3, 4, 5, 6, 7, 9] 576
[0, 1, 4, 8, 9] 577
[0, 3, 5, 6, 7, 10] 578
[0, 2, 4, 6, 8] 579
[1, 3, 5, 6, 8] 580
[1, 3, 5, 8, 9, 10] 581
[2, 7] 582
[0, 3, 6] 583
[7, 8] 584
[3, 4, 5, 6, 9, 10] 585
[10] 586
[0, 3, 6, 9] 587
[0, 2, 5, 8, 10] 588
[1, 2, 5, 8, 10] 589
[1, 3, 4, 6, 7] 590
[0, 1, 4, 10] 591
[2, 6, 9, 10] 592
[1, 2, 3, 5, 6, 7, 10] 593
[0, 3, 6, 8] 594
[5, 10] 595
[3, 5, 9] 596
[5] 597
[2, 3] 598
[0, 1, 2, 4, 5, 6, 8, 9] 599
[1, 2, 6, 8, 9, 10] 600
[0, 1, 2, 5, 8, 10] 601
[6] 602
[0, 1, 2, 4] 603
[3, 6, 7, 8, 9, 10] 604
[1, 2, 3, 5] 605
[0, 1, 4, 5, 6, 7, 10] 606
[2, 4, 7] 607
[0, 1, 8, 9] 608
[5, 10] 609
[2] 610
[0, 7, 9] 611
[1, 5, 6, 10] 612
[1, 2, 4, 5, 8, 10] 613
[0, 1, 10] 614
[0, 5, 7] 615
[0, 1, 4, 5] 616
[2, 3, 5, 8] 617
[0, 3, 5, 6, 8, 9] 618
[8, 10] 619
[8, 10] 620
[4, 6, 8, 9] 621
[2, 3, 5, 8, 9, 10] 622
[0, 3, 4, 7, 8, 10] 623
[3, 4, 6] 624
[0, 3, 4, 8, 10] 625
[0] 626
[2, 4, 5, 6, 8, 9] 627
[3, 5, 6, 9, 10] 628
[0, 3, 4, 7, 8] 629
[2, 3, 5, 6, 9] 630
[3, 5, 8] 631
[5, 7] 632
[6, 7, 10] 633
[0, 2, 3, 5, 6, 7, 8] 634
[0, 8] 635
[3, 4, 7, 10] 636
[0, 1, 2, 3, 6, 7, 9] 637
[6, 8, 10] 638
[1, 2, 3, 6, 7, 9, 10] 639
[1, 2, 3, 6, 8, 9, 10] 640
[0, 5, 10] 641
[4, 8] 642
[0, 2, 5, 10] 643
[4, 6, 9] 644
[0, 1] 645
[0] 646
[0, 2, 4, 6, 8, 10] 647
[1, 2, 4, 7, 8] 648
[1, 2, 7] 649
[0, 1, 2, 3, 7] 650
[0, 1, 2, 4, 7, 9] 651
[3, 8, 9] 652
[1, 8] 653
[0, 5, 7, 8] 654
[3, 5, 8, 10] 655
[3] 656
[0, 1, 3, 5, 8] 657
[4, 7] 658
[1, 4, 5, 7, 9] 659
[0, 1, 4, 5, 8, 10] 660
[0, 2, 3, 9] 661
[2, 5, 7, 8, 9] 662
[1, 6, 7, 8, 10] 663
[0, 3, 4, 5, 6, 8] 664
[1, 3, 4, 9] 665
[2, 6] 666
[2, 3, 4, 6, 10] 667
[0, 4] 668
[0, 2, 3, 4, 6, 7, 8] 669
[0, 1, 2, 3, 6, 8, 10] 670
[10] 671
[3, 5, 8] 672
[9] 673
[6, 9] 674
[3, 4] 675
[2, 3, 4, 5, 6, 7, 9] 676
[0, 1, 3, 5, 8] 677
[0, 1, 2, 6, 8, 9] 678
[1, 2, 3, 4, 7, 8, 9] 679
[0, 3, 5, 6, 7, 9] 680
[2, 4, 5, 6, 8] 681
[1, 2, 4, 5, 7, 10] 682
[1, 5, 8] 683
[1, 2, 4, 7] 684
[0, 1, 2, 6, 7, 8, 9] 685
[8, 10] 686
[3, 8] 687
[3, 8] 688
[0, 1, 3, 4, 5, 6, 8, 10] 689
[1, 3, 4, 5, 7, 8, 10] 690
[0, 3, 6, 7, 10] 691
[0, 1, 3, 8, 9] 692
[2] 693
[2, 5] 694
[0, 2, 4, 5, 7, 8, 9] 695
[0, 2, 4] 696
[1, 3, 5, 8] 697
[3] 698
[0, 4, 5, 7, 9] 699
[4, 6, 7, 9, 10] 700
[0, 4, 7] 701
[1, 4, 5, 9, 10] 702
[3, 4, 5, 9, 10] 703
[0, 2] 704
[2, 8, 9] 705
[0, 1, 4, 8, 10] 706
[0, 3, 4, 9, 10] 707
[0, 2, 4, 9] 708
[0, 2, 5, 8, 9, 10] 709
[0, 3, 4, 5, 10] 710
[7, 10] 711
[1, 9] 712
[1, 2, 3, 4, 6, 8] 713
[1, 2, 7, 9] 714
[0, 1, 6, 9] 715
[2, 3, 4, 5, 7, 8, 9] 716
[2, 7] 717
[6, 7] 718
[2, 3, 5] 719
[0, 2, 4, 7] 720
[0, 1, 2, 4, 8, 9, 10] 721
[10] 722
[5] 723
[6, 9] 724
[0, 3, 4, 5, 9, 10] 725
[3, 8] 726
[3, 6, 8, 9, 10] 727
[2, 6, 8] 728
[2, 4, 6, 7, 8] 729
[0, 5, 6, 7, 8] 730
[1, 4, 5] 731
[0, 1, 5, 6] 732
[1, 4, 5, 6, 8, 10] 733
[0, 1, 3, 10] 734
[0, 1, 2, 4, 5, 7, 9] 735
[0, 1, 2, 5, 6, 9, 10] 736
[1, 4, 5, 7, 9] 737
[1, 3] 738
[3, 4, 5, 7, 8, 9] 739
[10] 740
[3, 4, 5, 6, 7] 741
[0, 3, 6, 7, 9] 742
[2, 3, 4, 5, 6, 8, 9, 10] 743
[2, 3, 4, 5, 9] 744
[5] 745
[2, 3, 4, 5, 8, 9] 746
[0, 1, 2, 5, 7, 10] 747
[1, 2, 3, 4, 5, 6] 748
[1, 2, 3, 4, 5, 8, 9] 749
[0, 8, 9] 750
[1] 751
[10] 752
[0, 1, 4, 5, 7, 8] 753
[0, 1, 2, 4] 754
[3, 4, 5, 6, 7, 9] 755
[0, 1, 4, 5, 7, 9, 10] 756
[0, 1, 2, 5, 6, 8] 757
[4] 758
[9, 10] 759
[0, 5, 6, 7, 8, 9] 760
[2, 4, 5, 8, 9, 10] 761
[0, 3, 5] 762
[0, 1, 2, 3, 6, 8, 9] 763
[4, 5] 764
[2, 8] 765
[6, 8] 766
[0, 3, 4, 5, 6, 8, 9, 10] 767
[2, 3, 4, 6, 7, 10] 768
[2, 3, 6, 8, 9] 769
[7, 10] 770
[7] 771
[2, 9] 772
[6] 773
[9] 774
[1, 4, 7, 9] 775
[1, 5, 8, 9] 776
[1, 9, 10] 777
[0, 1, 7, 8] 778
[2, 3, 5, 6, 7] 779
[0, 1, 2, 4, 7, 8, 9] 780
[7, 10] 781
[0, 1, 7] 782
[2, 5, 7] 783
[2, 3, 4, 6, 7, 8, 9] 784
[3] 785
[1, 6, 8, 9] 786
[2, 4, 5, 9, 10] 787
[0, 1, 6] 788
[0, 2, 5, 6, 7, 9, 10] 789
[2, 3] 790
[2, 3, 5, 8, 9, 10] 791
[10] 792
[2, 3, 5, 6, 7, 8] 793
[3, 5, 8, 9, 10] 794
[3, 4, 5, 6, 7, 8] 795
[10] 796
[3, 5, 10] 797
[0, 4, 5, 7, 8] 798
[2] 799
[1, 2, 4, 5, 6, 7, 8, 9] 800
[1, 3, 5, 6, 10] 801
[9, 10] 802
[0, 2, 3, 4, 5, 7, 9, 10] 803
[0, 8] 804
[0, 4, 7, 8, 10] 805
[0, 2, 4, 5, 6, 7, 8] 806
[9] 807
[1, 4, 8] 808
[4, 7] 809
[5] 810
[3] 811
[0, 3, 5, 6, 8] 812
[2, 3, 4, 5, 8, 10] 813
[1, 4, 6, 8, 9, 10] 814
[1, 3, 6, 7, 8, 9, 10] 815
[2, 4, 5, 6, 10] 816
[1, 7, 9] 817
[2, 3, 4, 5, 6, 7, 9] 818
[0, 1, 3, 4, 6, 8, 10] 819
[0, 3, 4, 5, 9, 10] 820
[0, 8, 9, 10] 821
[0, 1, 4, 5, 6, 7] 822
[0, 1, 4, 6, 7, 9, 10] 823
[3, 4, 5, 10] 824
[0, 1, 4, 6, 8, 10] 825
[0, 1, 5, 7, 8, 10] 826
[0, 2, 3, 4, 7, 8, 9] 827
[0, 2, 5, 8] 828
[0, 2, 6, 8, 10] 829
[0, 1, 2, 3, 5, 6, 7, 9] 830
[3, 4, 5, 7, 8] 831
[3, 6, 7, 9, 10] 832
[0, 3, 4, 5, 6, 8] 833
[0, 2, 4, 5, 6, 7] 834
[1, 9] 835
[2, 10] 836
[2, 3, 6, 7, 8, 10] 837
[1, 2, 3, 4, 5, 6, 7, 10] 838
[0, 1, 6, 8] 839
[0, 2, 3, 7, 8, 10] 840
[0, 1, 2, 4, 8, 9, 10] 841
[1, 2, 3, 5, 8] 842
[0, 2, 3, 4, 6, 10] 843
[3, 9] 844
[0, 2, 7, 8, 10] 845
[0, 3, 4, 5, 9] 846
[1, 3, 4, 5, 6, 7, 10] 847
[6] 848
[0, 2] 849
[1, 2, 3, 5, 6, 8, 9, 10] 850
[2, 6, 8, 9] 851
[4, 5, 6, 8] 852
[0, 1, 2, 3, 4, 5, 7, 8] 853
[1, 2, 3, 6, 8] 854
[2, 3, 6, 7, 8, 9, 10] 855
[5] 856
[3, 4, 5, 7, 8, 9, 10] 857
[0, 1, 2, 4, 7, 8, 10] 858
[2, 3, 4, 5, 6, 7, 8, 10] 859
[0, 2, 9, 10] 860
[0, 2, 3, 4, 5, 6, 9] 861
[2, 3, 5, 6, 7, 8, 9] 862
[0, 1, 2, 4, 7, 8, 10] 863
[4, 5, 9] 864
[0, 4, 5, 10] 865
[0, 1, 4, 5, 6, 8] 866
[0, 2, 4, 6, 8] 867
[0, 4] 868
[0, 5, 6, 8, 9] 869
[0, 5, 9, 10] 870
[9] 871
[1, 6, 7, 10] 872
[1, 2, 6, 9] 873
[1, 3, 4, 5, 7, 8, 9] 874
[4] 875
[2, 8] 876
[3, 4, 5, 6, 9] 877
[3, 6, 10] 878
[0, 10] 879
[1, 2, 6, 7, 8] 880
[4, 6, 7] 881
[4, 5, 7] 882
[0, 3, 4, 7, 8, 10] 883
[0, 2, 3, 4, 8] 884
[5, 6, 8, 9] 885
[0, 1, 4] 886
[4, 8] 887
[3, 4, 7, 10] 888
[2] 889
[0, 2, 7, 9, 10] 890
[2] 891
[0] 892
[2, 5, 6, 10] 893
[1, 2, 3, 4, 5] 894
[1, 3, 8] 895
[2, 3, 7, 9, 10] 896
[0, 2, 3, 6, 7, 8] 897
[7] 898
[1, 2, 4, 5, 7, 9] 899
[0, 2, 9] 900
[3, 8] 901
[1, 2, 3, 4, 8, 10] 902
[2, 3, 5, 7, 8] 903
[0, 1, 2, 3, 5, 7, 8, 9] 904
[2, 4, 6, 10] 905
[0] 906
[0, 1, 6, 9, 10] 907
[0, 2, 3, 4, 5, 7, 8, 10] 908
[0, 4] 909
[1, 3, 4, 10] 910
[0, 1, 3, 8, 9] 911
[0, 4, 5, 6, 9, 10] 912
[3, 6, 9] 913
[0, 1, 2, 7, 10] 914
[0, 3, 4] 915
[2, 3, 6] 916
[0, 3, 6, 8] 917
[1, 3, 8] 918
[0, 3, 4, 6, 8, 9] 919
[0, 1, 2, 3, 4, 9] 920
[7, 8] 921
[4, 5, 6, 7, 9] 922
[0, 1] 923
[4, 6, 7, 9] 924
[2, 4] 925
[1] 926
[0, 2, 4, 5, 6] 927
[3, 4, 5, 9] 928
[1, 2, 3, 6, 7, 9, 10] 929
[1, 8, 9, 10] 930
[0, 3, 4, 9] 931
[0, 1, 3, 4, 6, 7, 9] 932
[0, 2, 3, 4, 8, 10] 933
[0, 1, 7, 9] 934
[1, 6, 7, 8, 9] 935
[0, 1, 3, 8, 9] 936
[2, 3, 5, 10] 937
[1, 3, 4, 6, 10] 938
[0, 3, 5, 7, 8, 9] 939
[0, 3, 6] 940
[0, 2, 3, 4, 8, 9, 10] 941
[4, 7] 942
[0, 1, 6, 8, 9] 943
[0, 2, 4, 6, 8, 9] 944
[1, 3, 5, 7] 945
[1, 5, 7, 9] 946
[2, 3, 4, 5, 7, 8, 10] 947
[1, 3, 5, 6, 7, 9, 10] 948
[0, 1, 4, 5, 7, 9] 949
[0, 2, 3, 5] 950
[1, 2, 3, 5, 7, 10] 951
[2, 5, 9] 952
[2, 3, 4] 953
[6, 10] 954
[0, 1, 2, 3, 4] 955
[0, 1, 3, 5, 6, 7, 10] 956
[6, 7] 957
[1, 3, 4, 6, 8, 9, 10] 958
[0, 2, 4, 5, 6] 959
[0, 1, 2, 4, 7, 8, 9, 10] 960
[0, 2, 3, 4, 5, 8] 961
[1, 3, 4, 8, 9] 962
[6, 7] 963
[1, 4, 6, 7] 964
[2, 3, 6, 9, 10] 965
[2, 4, 6, 7, 8, 10] 966
[3] 967
[1, 5, 8] 968
[1, 3, 4, 5, 6, 9, 10] 969
[0] 970
[0, 6, 8, 9, 10] 971
[3, 7, 8, 9] 972
[9] 973
[0, 3, 4, 5, 6, 8] 974
[6] 975
[0, 3, 5, 7, 9] 976
[3, 4, 5, 6, 7, 9, 10] 977
[3, 9] 978
[1, 3, 6] 979
[2, 5, 10] 980
[3, 6, 8] 981
[1, 2, 4, 5] 982
[1, 2, 3, 7, 9, 10] 983
[0, 1, 2, 4, 9, 10] 984
[0, 3, 5, 7, 9] 985
[1, 2, 6, 8, 9, 10] 986
[0, 1, 4, 6, 7, 9] 987
[4, 8] 988
[0, 1, 4, 5, 7] 989
[0, 1, 3, 8, 9] 990
[2, 3, 8, 9] 991
[0, 1, 2, 3, 4, 7, 9, 10] 992
[1, 3] 993
[0, 2, 4, 6] 994
[0, 1, 2, 5, 6] 995
[0, 2, 3, 7, 8] 996
[0, 1, 2, 4, 9] 997
[0, 1, 2, 5, 10] 998
[0, 5] 999
[1, 2, 5, 6, 10] 1000
[1, 8, 9] 1001
[8] 1002
[1, 5, 7] 1003
[0, 3, 4, 8] 1004
[1, 2, 4, 6, 8, 10] 1005
[4, 5, 8] 1006
[0, 2, 4, 6, 7, 8, 9, 10] 1007
[1, 5, 7, 10] 1008
[0, 1, 2, 4, 5, 7, 8, 10] 1009
[2, 3, 9] 1010
[4] 1011
[3, 4] 1012
[1, 2, 3, 5, 7, 8, 9] 1013
[2, 3] 1014
[0, 2, 3, 4, 5, 8, 9] 1015
[1, 2, 4, 5, 6, 7, 9] 1016
[0] 1017
[0, 2, 3, 5, 7, 8, 9, 10] 1018
[0, 1, 2, 4, 5, 6, 10] 1019
[2, 7] 1020
[1, 6, 8] 1021
